0 0.3527777777777778 0.7192592592592593 0.10740740740740741 0.08148148148148147
0 0.5148148148148148 0.6388888888888888 0.061111111111111116 0.04518518518518518
0 0.6208333333333333 0.6777777777777777 0.058333333333333334 0.0637037037037037
0 0.19166666666666668 0.697037037037037 0.10740740740740741 0.06074074074074074
0 0.33842592592592596 0.6174074074074074 0.06759259259259259 0.04814814814814815
0 0.6444444444444445 0.5940740740740741 0.03333333333333333 0.025185185185185185
0 0.48935185185185187 0.5962962962962962 0.03981481481481482 0.02222222222222222
0 0.12685185185185185 0.65 0.0962962962962963 0.0437037037037037
0 0.3768518518518519 0.5844444444444444 0.04259259259259259 0.02074074074074074
0 0.5115740740740741 0.5725925925925925 0.02314814814814815 0.026666666666666665
0 0.45416666666666666 0.5548148148148148 0.032407407407407406 0.023703703703703703
0 0.5625 0.5662962962962963 0.030555555555555558 0.018518518518518517
0 0.6013888888888889 0.5551851851851851 0.02314814814814815 0.014074074074074074
0 0.6435185185185185 0.5607407407407408 0.016666666666666666 0.02222222222222222
0 0.3666666666666667 0.5574074074074074 0.02592592592592593 0.014074074074074074
0 0.5078703703703704 0.5362962962962963 0.021296296296296296 0.016296296296296295
