0 0.3037120359955006 0.871 0.1799775028121485 0.25
0 0.6383577052868392 0.867 0.16985376827896514 0.194
0 0.6754780652418448 0.643 0.18785151856018 0.326
0 0.3453318335208099 0.685 0.13723284589426324 0.166
0 0.3830146231721035 0.58 0.12260967379077617 0.164
0 0.6091113610798651 0.524 0.10236220472440946 0.136
0 0.7457817772778403 0.47800000000000004 0.1079865016872891 0.18
0 0.3987626546681665 0.497 0.11811023622047245 0.114
0 0.5781777277840271 0.443 0.05174353205849269 0.09
0 0.10461192350956132 0.43 0.12373453318335209 0.192
0 0.19910011248593928 0.404 0.08773903262092239 0.116
0 0.22272215973003376 0.387 0.04274465691788527 0.074
0 0.24296962879640047 0.384 0.029246344206974133 0.064
0 0.4100112485939258 0.434 0.07086614173228348 0.1
0 0.44825646794150736 0.36 0.09561304836895389 0.196
0 0.5663667041619798 0.41000000000000003 0.08661417322834647 0.152
