0 0.3014623172103487 0.643 0.07874015748031497 0.10200000000000001
0 0.37907761529808776 0.792 0.08548931383577053 0.168
0 0.6957255343082115 0.72 0.12935883014623173 0.156
0 0.7227221597300338 0.919 0.14960629921259844 0.146
0 0.5303712035995501 0.675 0.07311586051743532 0.11
0 0.798087739032621 0.606 0.08661417322834647 0.1
0 0.5821147356580428 0.5700000000000001 0.06861642294713162 0.084
0 0.4988751406074241 0.511 0.043869516310461196 0.066
0 0.4173228346456693 0.609 0.06074240719910012 0.106
0 0.3683914510686165 0.531 0.03937007874015749 0.066
0 0.42800899887514066 0.515 0.03487064116985377 0.066
0 0.5444319460067492 0.47600000000000003 0.031496062992125984 0.044
0 0.5714285714285715 0.41500000000000004 0.029246344206974133 0.05
0 0.48481439820022504 0.422 0.024746906636670417 0.032
0 0.49325084364454447 0.462 0.03712035995500563 0.028
0 0.38582677165354334 0.466 0.029246344206974133 0.044
0 0.4319460067491564 0.454 0.0359955005624297 0.048
0 0.35095613048368957 0.41600000000000004 0.022497187851518562 0.032
0 0.5134983127109112 0.426 0.025871766029246346 0.036000000000000004
0 0.5371203599550056 0.387 0.014623172103487066 0.022
0 0.4049493813273341 0.429 0.026996625421822275 0.042
0 0.3830146231721035 0.376 0.012373453318335208 0.024
0 0.40438695163104615 0.386 0.01687289088863892 0.02
0 0.4415073115860518 0.437 0.03037120359955006 0.05
0 0.47975253093363335 0.396 0.01912260967379078 0.024
0 0.5157480314960631 0.371 0.01687289088863892 0.022
