0 0.3837675350701403 0.5655737704918032 0.12625250501002003 0.15300546448087432
0 0.1723446893787575 0.8565573770491803 0.16432865731462926 0.2814207650273224
0 0.5601202404809619 0.9139344262295082 0.21042084168336672 0.16666666666666666
0 0.6643286573146292 0.6939890710382514 0.2064128256513026 0.22950819672131148
0 0.908817635270541 0.8306010928961749 0.17034068136272543 0.2786885245901639
0 0.7755511022044087 0.5997267759562841 0.16432865731462926 0.1557377049180328
0 0.5110220440881763 0.5300546448087432 0.10821643286573146 0.12021857923497267
0 0.31763527054108215 0.40027322404371585 0.06613226452905811 0.10655737704918032
0 0.16432865731462926 0.3797814207650273 0.08817635270541081 0.14207650273224043
0 0.03907815631262525 0.4139344262295082 0.0781563126252505 0.07923497267759563
0 0.23346693386773545 0.34972677595628415 0.058116232464929855 0.06557377049180328
0 0.28456913827655306 0.30191256830601093 0.052104208416833664 0.04644808743169399
0 0.18837675350701402 0.2937158469945355 0.04008016032064128 0.04644808743169399
0 0.20440881763527052 0.2459016393442623 0.03206412825651302 0.03825136612021858
0 0.28757515030060116 0.25546448087431695 0.038076152304609215 0.04644808743169399
0 0.2715430861723447 0.23497267759562843 0.03006012024048096 0.03278688524590164
0 0.22945891783567132 0.23224043715846995 0.03006012024048096 0.0273224043715847
0 0.407815631262525 0.3674863387978142 0.06212424849699398 0.07377049180327869
0 0.4519038076152304 0.42213114754098363 0.08617234468937875 0.07377049180327869
0 0.5110220440881763 0.39344262295081966 0.07615230460921843 0.09289617486338798
0 0.5891783567134268 0.4713114754098361 0.11222444889779558 0.11202185792349727
0 0.6603206412825651 0.4494535519125683 0.09819639278557113 0.09016393442622951
0 0.8176352705410821 0.5218579234972678 0.14829659318637273 0.12568306010928962
0 0.8306613226452905 0.45901639344262296 0.1062124248496994 0.09289617486338798
0 0.940881763527054 0.4822404371584699 0.11422845691382764 0.11748633879781421
0 0.5831663326653306 0.36065573770491804 0.06813627254509018 0.06557377049180328
0 0.49098196392785565 0.3551912568306011 0.06813627254509018 0.0546448087431694
0 0.4949899799599198 0.3237704918032787 0.0721442885771543 0.05191256830601093
0 0.3817635270541082 0.3128415300546448 0.0501002004008016 0.040983606557377046
0 0.4348697394789579 0.319672131147541 0.052104208416833664 0.07650273224043716
0 0.37675350701402804 0.28005464480874315 0.04008016032064128 0.04644808743169399
0 0.4428857715430861 0.28688524590163933 0.03607214428857715 0.03825136612021858
0 0.4919839679358717 0.2677595628415301 0.04208416833667334 0.0546448087431694
0 0.5521042084168336 0.2568306010928962 0.09018036072144288 0.08743169398907104
0 0.3386773547094188 0.23633879781420766 0.044088176352705406 0.040983606557377046
0 0.3787575150300601 0.22540983606557377 0.03607214428857715 0.040983606557377046
0 0.4198396793587174 0.24180327868852458 0.03406813627254509 0.040983606557377046
0 0.45591182364729455 0.24043715846994534 0.03006012024048096 0.04918032786885246
