0 0.5950000000000001 0.38375350140056025 0.33333333333333337 0.3081232492997199
0 0.5225000000000001 0.4341736694677871 0.5416666666666667 0.3977591036414566
0 0.7966666666666667 0.6862745098039216 0.37000000000000005 0.257703081232493
0 0.49583333333333335 0.6834733893557423 0.37833333333333335 0.32492997198879553
0 0.33 0.7619047619047619 0.33333333333333337 0.3025210084033613
0 0.15000000000000002 0.8207282913165266 0.30000000000000004 0.3081232492997199
0 0.4266666666666667 0.9047619047619048 0.3566666666666667 0.18487394957983194
0 0.6758333333333334 0.876750700280112 0.37833333333333335 0.24089635854341737
0 0.8766666666666667 0.8697478991596639 0.24333333333333335 0.2549019607843137
0 0.9291666666666667 0.14285714285714285 0.13833333333333334 0.15126050420168066
