0 0.2596795727636849 0.707 0.10814419225634178 0.17400000000000002
0 0.4986648865153538 0.6970000000000001 0.09212283044058744 0.158
0 0.5160213618157543 0.887 0.11882510013351134 0.214
0 0.7363150867823764 0.804 0.11615487316421895 0.164
0 0.8050734312416555 0.685 0.11214953271028037 0.154
0 0.7630173564753003 0.56 0.11081441922563418 0.108
0 0.5033377837116155 0.5700000000000001 0.08811748998664887 0.108
0 0.3938584779706275 0.516 0.0774365821094793 0.116
0 0.3197596795727637 0.59 0.08678237650200267 0.112
0 0.1822429906542056 0.608 0.08945260347129506 0.14400000000000002
0 0.21228304405874499 0.506 0.07209612817089453 0.096
0 0.2917222963951936 0.521 0.08411214953271028 0.09
0 0.4926568758344459 0.489 0.08277703604806408 0.07
0 0.7610146862483311 0.41100000000000003 0.11214953271028037 0.138
0 0.8457943925233644 0.45 0.07610146862483311 0.068
0 0.931909212283044 0.6910000000000001 0.1281708945260347 0.17
0 0.5881174899866488 0.401 0.06542056074766354 0.062
0 0.6695594125500668 0.41100000000000003 0.06542056074766354 0.066
0 0.4098798397863818 0.439 0.06408544726301735 0.074
0 0.31642189586114816 0.467 0.056074766355140186 0.074
0 0.26635514018691586 0.425 0.05740987983978638 0.062
0 0.2970627503337784 0.383 0.044058744993324434 0.05
0 0.3911882510013351 0.382 0.050734312416555405 0.052000000000000005
0 0.4886515353805073 0.418 0.08277703604806408 0.092
0 0.5393858477970628 0.359 0.045393858477970624 0.05
0 0.6421895861148197 0.34900000000000003 0.04005340453938585 0.038
0 0.6248331108144192 0.374 0.050734312416555405 0.048
0 0.5794392523364486 0.35000000000000003 0.050734312416555405 0.06
0 0.35180240320427236 0.356 0.0520694259012016 0.052000000000000005
0 0.23431241655540722 0.358 0.05473965287049399 0.096
0 0.2963951935914553 0.34700000000000003 0.050734312416555405 0.034
0 0.4425901201602136 0.31 0.0520694259012016 0.048
0 0.4032042723631509 0.334 0.04005340453938585 0.044
0 0.43124165554072097 0.365 0.04005340453938585 0.05
0 0.4993324432576769 0.329 0.042723631508678236 0.046
0 0.821762349799733 0.505 0.08678237650200267 0.098
0 0.5580774365821095 0.312 0.045393858477970624 0.048
0 0.16688918558077437 0.858 0.14953271028037382 0.176
