0 0.47227191413237923 0.460573476702509 0.06440071556350627 0.1971326164874552
0 0.8067978533094812 0.7724014336917563 0.17173524150268338 0.2831541218637993
0 0.8810375670840788 0.546594982078853 0.1556350626118068 0.20430107526881722
0 0.6967799642218246 0.3960573476702509 0.08050089445438283 0.14695340501792115
0 0.7397137745974955 0.30824372759856633 0.06618962432915922 0.12186379928315412
0 0.648479427549195 0.2867383512544803 0.0626118067978533 0.1003584229390681
0 0.6189624329159213 0.1863799283154122 0.03935599284436494 0.06451612903225806
0 0.48389982110912344 0.2616487455197133 0.044722719141323794 0.0931899641577061
0 0.32021466905187834 0.6075268817204301 0.11806797853309481 0.24014336917562723
0 0.34525939177101966 0.9139784946236559 0.16815742397137745 0.16487455197132617
0 0.09302325581395349 0.8154121863799283 0.18604651162790697 0.36200716845878134
0 0.32558139534883723 0.2956989247311828 0.07155635062611806 0.12544802867383512
0 0.39087656529516995 0.18996415770609318 0.04114490161001789 0.07168458781362007
0 0.4552772808586762 0.17383512544802868 0.03398926654740608 0.06810035842293907
0 0.5089445438282647 0.13978494623655913 0.03041144901610018 0.05734767025089606
0 0.4284436493738819 0.14695340501792115 0.03041144901610018 0.05734767025089606
0 0.41234347048300535 0.12007168458781362 0.03041144901610018 0.06093189964157706
0 0.4516994633273703 0.12544802867383512 0.026833631484794274 0.05734767025089606
0 0.5966010733452594 0.14157706093189965 0.03398926654740608 0.053763440860215055
0 0.6261180679785331 0.12186379928315412 0.028622540250447227 0.05734767025089606
0 0.6896243291592129 0.12007168458781362 0.08407871198568873 0.12544802867383512
0 0.590339892665474 0.1039426523297491 0.028622540250447227 0.05017921146953405
0 0.6288014311270125 0.11648745519713262 0.023255813953488372 0.06093189964157706
0 0.48389982110912344 0.1057347670250896 0.026833631484794274 0.03942652329749104
