0 0.1968503937007874 0.793 0.21822272215973004 0.298
0 0.2986501687289089 0.6990000000000001 0.156355455568054 0.218
0 0.2992125984251969 0.597 0.13273340832395952 0.202
0 0.35095613048368957 0.56 0.07424071991001126 0.128
0 0.37570303712036 0.514 0.06524184476940383 0.124
0 0.3948256467941508 0.51 0.05399325084364455 0.1
0 0.4049493813273341 0.462 0.06974128233970754 0.124
0 0.485376827896513 0.457 0.09561304836895389 0.162
0 0.48425196850393704 0.727 0.156355455568054 0.20600000000000002
0 0.4634420697412824 0.892 0.1957255343082115 0.212
0 0.8031496062992127 0.898 0.19347581552305965 0.2
0 0.7418447694038246 0.797 0.1923509561304837 0.20600000000000002
0 0.688413948256468 0.714 0.17322834645669294 0.256
0 0.6344206974128235 0.603 0.09673790776152982 0.146
0 0.6175478065241845 0.5680000000000001 0.08323959505061868 0.124
0 0.5967379077615299 0.529 0.07761529808773904 0.106
0 0.5821147356580428 0.496 0.08661417322834647 0.1
0 0.5669291338582678 0.467 0.06074240719910012 0.08600000000000001
0 0.42969628796400455 0.42 0.058492688413948266 0.168
0 0.4898762654668167 0.34500000000000003 0.03712035995500563 0.058
