0 0.11554054054054055 0.8702882483370288 0.18243243243243246 0.21951219512195122
0 0.370945945945946 0.876940133037694 0.19324324324324327 0.1973392461197339
0 0.2 0.7627494456762749 0.17027027027027028 0.21286031042128603
0 0.45270270270270274 0.7782705099778271 0.1810810810810811 0.21286031042128603
0 0.6587837837837838 0.7195121951219512 0.16081081081081083 0.19290465631929046
0 0.31013513513513513 0.6130820399113082 0.1472972972972973 0.18403547671840353
0 0.495945945945946 0.5099778270509978 0.12702702702702703 0.1729490022172949
0 0.3290540540540541 0.48891352549889133 0.10135135135135136 0.14855875831485588
0 0.6472972972972973 0.5587583148558758 0.14324324324324325 0.15964523281596452
0 0.8277027027027027 0.6031042128603105 0.16081081081081083 0.18181818181818182
0 0.9040540540540541 0.8481152993348116 0.1864864864864865 0.20620842572062084
0 0.8885135135135136 0.7161862527716186 0.1472972972972973 0.15964523281596452
0 0.9027027027027028 0.5587583148558758 0.14324324324324325 0.17738359201773835
0 0.6466216216216216 0.43015521064301554 0.1283783783783784 0.1197339246119734
0 0.3925675675675676 0.39135254988913526 0.09324324324324325 0.12638580931263857
0 0.5506756756756757 0.34035476718403546 0.09324324324324325 0.14855875831485588
0 0.42364864864864865 0.3181818181818182 0.09324324324324325 0.1130820399113082
0 0.7121621621621622 0.35920177383592017 0.0918918918918919 0.0975609756097561
0 0.6351351351351352 0.30598669623059865 0.05675675675675676 0.08869179600886917
0 0.529054054054054 0.28492239467849223 0.06621621621621622 0.082039911308204
0 0.4391891891891892 0.25942350332594233 0.08378378378378379 0.1286031042128603
0 0.8310810810810811 0.3780487804878049 0.1 0.1130820399113082
0 0.7966216216216216 0.41685144124168516 0.09054054054054055 0.10643015521064302
0 0.9533783783783785 0.3902439024390244 0.09054054054054055 0.164079822616408
0 0.7668918918918919 0.2893569844789357 0.09864864864864865 0.09534368070953436
0 0.6628378378378379 0.2583148558758315 0.09594594594594595 0.09534368070953436
0 0.057432432432432436 0.4434589800443459 0.10945945945945947 0.13747228381374724
0 0.21824324324324326 0.2727272727272727 0.10405405405405406 0.1286031042128603
0 0.12094594594594596 0.3968957871396896 0.10135135135135136 0.11086474501108648
0 0.033783783783783786 0.3625277161862528 0.06756756756756757 0.07760532150776053
0 0.0891891891891892 0.3070953436807095 0.08108108108108109 0.10864745011086474
0 0.147972972972973 0.2804878048780488 0.06891891891891892 0.09534368070953436
0 0.024324324324324326 0.270509977827051 0.04864864864864865 0.08869179600886917
0 0.1391891891891892 0.21507760532150777 0.06486486486486487 0.11086474501108648
0 0.2756756756756757 0.2261640798226164 0.05945945945945946 0.11529933481152993
0 0.21621621621621623 0.1951219512195122 0.05405405405405406 0.07095343680709534
0 0.4682432432432433 0.24168514412416853 0.05540540540540541 0.10199556541019955
0 0.5648648648648649 0.2328159645232816 0.07027027027027027 0.08869179600886917
0 0.8378378378378379 0.20509977827050999 0.05675675675675676 0.09090909090909091
