0 0.6 0.662 0.27466666666666667 0.488
0 0.27399999999999997 0.858 0.19066666666666665 0.212
0 0.41466666666666663 0.7010000000000001 0.13066666666666665 0.178
0 0.2613333333333333 0.657 0.13866666666666666 0.11800000000000001
0 0.14133333333333334 0.6980000000000001 0.15733333333333333 0.14
0 0.12066666666666666 0.907 0.236 0.182
0 0.386 0.5760000000000001 0.092 0.108
0 0.20199999999999999 0.594 0.11333333333333333 0.10400000000000001
0 0.286 0.534 0.10266666666666667 0.14
0 0.43666666666666665 0.538 0.076 0.1
0 0.368 0.46900000000000003 0.072 0.08600000000000001
0 0.4393333333333333 0.47300000000000003 0.04933333333333333 0.054
0 0.48333333333333334 0.491 0.08133333333333333 0.094
0 0.5286666666666666 0.467 0.06266666666666666 0.082
0 0.6853333333333333 0.504 0.14933333333333332 0.28400000000000003
0 0.7306666666666667 0.421 0.104 0.21
0 0.9686666666666667 0.429 0.06 0.106
0 0.9493333333333333 0.337 0.09066666666666666 0.146
0 0.41666666666666663 0.426 0.044 0.052000000000000005
0 0.4493333333333333 0.41300000000000003 0.04 0.042
0 0.474 0.442 0.04933333333333333 0.052000000000000005
0 0.564 0.435 0.064 0.058
0 0.7786666666666666 0.38 0.09866666666666667 0.18
0 0.8099999999999999 0.366 0.030666666666666665 0.064
