0 0.21171171171171171 0.638 0.16216216216216217 0.34
0 0.6981981981981982 0.579 0.22072072072072071 0.366
0 0.6300675675675675 0.397 0.14076576576576577 0.202
0 0.45945945945945943 0.317 0.17342342342342343 0.234
0 0.2747747747747748 0.327 0.13963963963963963 0.20600000000000002
0 0.5371621621621622 0.23 0.11261261261261261 0.156
0 0.9375 0.17500000000000002 0.10247747747747747 0.098
0 0.8350225225225225 0.211 0.1204954954954955 0.134
0 0.3885135135135135 0.11900000000000001 0.11261261261261261 0.23800000000000002
0 0.5197072072072072 0.171 0.10022522522522523 0.134
0 0.5045045045045045 0.085 0.08558558558558559 0.074
0 0.4814189189189189 0.046 0.059684684684684686 0.07200000000000001
0 0.04842342342342342 0.188 0.09684684684684684 0.128
