0 0.47600000000000003 0.6066666666666667 0.24 0.27466666666666667
0 0.105 0.6826666666666666 0.21 0.33066666666666666
0 0.673 0.9066666666666666 0.41000000000000003 0.18133333333333332
0 0.871 0.5093333333333333 0.222 0.33599999999999997
0 0.507 0.31466666666666665 0.158 0.16
0 0.194 0.416 0.20400000000000001 0.20266666666666666
0 0.232 0.27466666666666667 0.17200000000000001 0.144
0 0.26 0.17866666666666667 0.136 0.128
0 0.456 0.16266666666666665 0.148 0.144
0 0.6970000000000001 0.14933333333333332 0.15 0.144
0 0.763 0.27466666666666667 0.218 0.18133333333333332
0 0.504 0.056 0.14 0.112
0 0.264 0.08266666666666667 0.1 0.09066666666666666
0 0.053 0.112 0.106 0.13866666666666666
0 0.81 0.04 0.124 0.08
0 0.653 0.06 0.122 0.104
0 0.293 0.03733333333333333 0.126 0.07466666666666666
0 0.925 0.176 0.146 0.352
