0 0.7276422764227642 0.9047619047619049 0.15447154471544716 0.18571428571428572
0 0.8936314363143631 0.9047619047619049 0.14227642276422764 0.17142857142857143
0 0.8373983739837398 0.7773809523809525 0.0948509485094851 0.13095238095238096
0 0.6795392953929539 0.7785714285714287 0.10975609756097561 0.14285714285714288
0 0.8963414634146342 0.6464285714285715 0.11246612466124661 0.13571428571428573
0 0.7676151761517616 0.6988095238095239 0.09078590785907859 0.14047619047619048
0 0.6544715447154471 0.680952380952381 0.11382113821138211 0.1380952380952381
0 0.6294037940379403 0.6011904761904763 0.1016260162601626 0.12619047619047621
0 0.34552845528455284 0.9202380952380953 0.12466124661246612 0.15476190476190477
0 0.21747967479674796 0.7964285714285715 0.15311653116531165 0.20714285714285716
0 0.37262872628726285 0.8142857142857144 0.13279132791327913 0.19523809523809527
0 0.4146341463414634 0.7166666666666668 0.10840108401084012 0.1285714285714286
0 0.4275067750677507 0.6047619047619048 0.07723577235772358 0.1
0 0.3258807588075881 0.5714285714285715 0.07452574525745258 0.09047619047619049
0 0.2784552845528455 0.6273809523809525 0.06639566395663957 0.12142857142857144
0 0.2486449864498645 0.7047619047619048 0.0989159891598916 0.13333333333333336
0 0.05623306233062331 0.811904761904762 0.11246612466124661 0.15714285714285717
0 0.06707317073170732 0.7464285714285714 0.1070460704607046 0.14047619047619048
0 0.10636856368563685 0.6964285714285715 0.08265582655826559 0.14523809523809525
0 0.1375338753387534 0.6583333333333334 0.09349593495934959 0.12142857142857144
0 0.15040650406504066 0.611904761904762 0.08672086720867209 0.1285714285714286
0 0.20934959349593496 0.5583333333333333 0.08536585365853659 0.14047619047619048
0 0.2486449864498645 0.5202380952380953 0.04742547425474255 0.0880952380952381
0 0.44715447154471544 0.45000000000000007 0.0975609756097561 0.14285714285714288
0 0.4369918699186992 0.5440476190476191 0.07723577235772358 0.08333333333333334
0 0.33807588075880757 0.5190476190476191 0.07723577235772358 0.06666666666666668
0 0.3638211382113821 0.4928571428571429 0.07181571815718157 0.08571428571428572
0 0.6063685636856369 0.5547619047619048 0.07723577235772358 0.06190476190476191
0 0.7513550135501355 0.5976190476190477 0.1016260162601626 0.1
0 0.8407859078590786 0.5595238095238095 0.1016260162601626 0.1142857142857143
0 0.7242547425474255 0.5583333333333333 0.07723577235772358 0.09761904761904763
0 0.801490514905149 0.5035714285714287 0.09078590785907859 0.12142857142857144
0 0.6863143631436315 0.5107142857142858 0.06097560975609756 0.0642857142857143
0 0.6070460704607046 0.5166666666666667 0.06775067750677506 0.06190476190476191
0 0.6117886178861789 0.4761904761904762 0.07452574525745258 0.09047619047619049
0 0.6910569105691057 0.4892857142857143 0.056910569105691054 0.07380952380952381
0 0.6680216802168022 0.4571428571428572 0.04878048780487805 0.05714285714285715
0 0.739159891598916 0.46547619047619054 0.05013550135501355 0.07857142857142858
0 0.7533875338753387 0.43690476190476196 0.06504065040650406 0.08333333333333334
0 0.6971544715447154 0.35595238095238096 0.08265582655826559 0.14523809523809525
0 0.6395663956639567 0.42261904761904767 0.04878048780487805 0.0642857142857143
0 0.5853658536585366 0.4285714285714286 0.051490514905149054 0.04285714285714286
0 0.37533875338753386 0.46547619047619054 0.04336043360433604 0.07857142857142858
0 0.28929539295392953 0.4892857142857143 0.09349593495934959 0.0880952380952381
0 0.2899728997289973 0.4440476190476191 0.056910569105691054 0.07380952380952381
0 0.3143631436314363 0.43333333333333335 0.037940379403794036 0.08571428571428572
0 0.37601626016260165 0.38333333333333336 0.07181571815718157 0.1761904761904762
0 0.32859078590785906 0.4202380952380953 0.03929539295392954 0.05
0 0.33807588075880757 0.3880952380952381 0.03387533875338753 0.05238095238095239
0 0.4640921409214092 0.37023809523809526 0.06097560975609756 0.05952380952380953
0 0.5711382113821138 0.3880952380952381 0.044715447154471545 0.04285714285714286
